Fecha: 30/09/19 Hora: 02:02:17
Nombre Archivo: medium data.zip Tamaño: 141547.0576171875 KB
Cliente: 51996Fecha: 30/09/19 Hora: 07:04:05
Nombre Archivo: medium data.zip Tamaño: 141547.0576171875 KB
Cliente: 52195